ESTE ARCHIVO CONTIENE UNA LISTA DE FORTALEZAS Y LA SOLUCIÓN ESPERADA
FORMATO:
-FORTALEZA	-> [[],[],...] (lista de listas)
-SOLUCIÓN	-> N (número entero positivo)
====================
[[23, -7, -56, -4, -4, -31, 9, -24, 50, 34, -28, -31, -94], [26, -40, 78, -71, 73, -92, 82, -5, 87, -20, 99, 64, 51], [-59, 17, -4, -15, -65, -35, -11, 13, -22, -4, -19, 57, -33], [1, 100, 5, -67, 0, 19, 12, -76, -76, 29, 87, -22, -32], [66, -89, -58, 57, 58, 34, 18, 97, -54, -69, -21, 28, -1], [-32, 75, 6, -20, 70, 56, 78, -9, -35, -77, -40, 32, 58], [-84, 35, -32, -87, 6, -24, 87, 47, -48, -33, 85, 99, -89], [-36, 17, -45, -42, -49, 75, 11, 63, 58, -46, 98, -19, 54], [95, -8, 9, -44, -8, -66, 10, 35, 14, 28, -22, -92, 8], [28, -65, 63, -51, -87, -81, -73, -59, 87, 27, -38, 76, -54], [36, -72, -30, 58, -44, -95, 68, -56, -19, 47, -9, 83, -65], [-87, 10, 18, 13, 28, -67, 22, 46, -37, 2, -89, -83, 28]]
1
====================
[[-32, 27, 82, 28, 23, -96, -4, -8, 46, -36, -93, -41, 90, 23, -8], [-34, -19, 76, -3, 63, 74, 73, -81, 18, 52, -52, -32, -23, -77, -87], [18, 100, 4, -92, -49, 37, 24, 57, -98, -3, -38, -29, -48, 75, 97], [-93, -49, -8, -70, 43, 61, 71, 10, 18, 82, -92, -28, -19, -50, 28], [-90, 80, -19, 63, 7, 7, -73, -3, 84, 19, 70, -70, 21, -5, 30], [69, -12, -93, -50, -74, 55, 38, -57, -13, -20, -20, 2, 29, -18, 49], [100, -41, 91, 54, -41, -90, -71, 66, -72, -73, 0, 19, -25, 23, 96], [35, 2, -9, 90, 75, 24, 14, 70, 38, -56, 34, 43, 14, 7, 40], [74, 27, -84, 76, -89, 1, -74, -83, -71, 93, 14, 37, 25, 0, -77], [73, 67, 65, -97, 64, 88, 78, 43, 81, -75, -2, 5, 61, 27, -99]]
33
====================
[[11, -87, -55, -39, 83, 58], [4, -30, 83, 73, 66, -96], [-87, 78, -82, -15, -2, -14], [-81, 54, -66, 79, -24, 12], [9, -94, 22, 67, -7, 35]]
16
====================
[[22, 70, 80, 60, 26], [16, -24, 11, -94, 60], [55, -77, -57, -32, -35], [-73, 63, 44, -30, -29], [-86, -29, -61, 77, 80], [28, 94, 23, 27, -77], [55, -74, -9, 10, 84], [8, 47, 33, 66, 94], [-47, 46, 88, -90, 89], [5, -70, -70, 61, 0], [-81, 65, -67, -51, -46], [6, -28, -59, 26, 4], [-90, 13, -76, -35, -62], [91, 31, 61, 28, 64], [81, 24, 13, 97, -76], [33, -84, 18, -16, 96], [61, 99, -40, -95, 34], [-63, -28, -19, 74, 26]]
1
====================
[[-95, -14, -55, -25, -53, 33, -40, 84, 65, -41, 26, 87, -41, 48, 53, -35, -47, 42, 10], [-13, 64, -54, -24, -1, -69, 13, -39, -22, 63, -89, -100, 47, 13, 24, -15, 41, 57, 47], [-94, -53, -6, -14, 60, 34, -21, -77, 76, 58, -81, -24, -34, 100, 36, -20, 58, -26, -26], [22, 28, -14, 14, -87, 68, 21, -68, 14, -61, 60, -17, 88, 0, 47, -50, 29, -97, 63], [-14, 30, -97, 14, -29, 47, 4, -29, -57, 92, 24, -58, 73, -25, -62, -84, 64, 51, 34], [8, 34, 91, 91, -76, -14, -53, 31, 84, 84, 83, -14, 64, 35, 71, 42, -67, 91, -41], [-57, -89, -78, -71, 40, 9, 17, 52, -58, -9, 61, -85, -59, -20, 86, -56, -55, -2, 35], [-39, -3, -61, 16, -44, 76, -90, 88, 86, 4, 46, -85, 85, -93, 100, -49, 75, -52, -57], [59, -95, 92, 79, -47, -52, 35, -76, -24, 28, -56, 43, -97, -7, 55, -1, 51, 84, 57], [32, -13, -15, -89, 39, 70, 33, -56, -82, 59, -74, 43, 19, -6, -16, -37, -25, -14, 97], [32, 100, -8, 34, -49, -14, -23, -49, -66, 93, 10, 68, 26, -17, 22, 90, -75, -84, -24], [63, 35, -59, -100, -62, -40, 10, 39, -51, 11, 90, -89, 67, -95, 30, -94, 48, -20, -40], [-5, -10, 69, 16, -98, -56, 54, -14, -17, 15, -94, 8, -58, 96, -17, 6, -2, 11, 75]]
109
====================
[[64], [-82], [-68], [3], [-77], [16], [-97], [-53], [58], [-26]]
295
====================
[[-80, -48, -51, 21, -9, -31, 59, 19, 38, 68, -70, -86, -1, -31], [62, -70, 56, 67, -95, -42, -1, 5, -75, -2, 40, 78, 81, 7], [87, 88, 81, -61, -61, 73, 75, -44, -80, -80, 20, -3, 22, 43]]
81
====================
[[78, 92, -79, 29, 28, -10, -70, -8], [-10, 75, -36, -9, -77, 74, 69, -45], [-32, -13, 82, 3, -59, -46, 54, -18], [-5, 39, -69, 7, 53, 85, 90, 73], [28, 88, -93, -64, 42, -41, -100, 30], [-40, 23, -97, -44, 15, -89, 84, -28], [-49, -7, -84, -61, -19, -84, -74, -15], [-87, -60, 88, 44, -53, -51, -95, 10], [77, 36, 59, 65, 85, 30, 37, 44], [32, 57, 55, -72, -52, -80, -96, 51], [-1, -68, -21, 18, 10, -23, 14, -83], [-100, 69, 41, 80, -51, -7, 41, -88], [60, -66, -71, -4, -27, 86, 93, 9], [-25, -18, 19, -64, 66, 10, -80, 14], [69, 53, 15, -94, -99, -43, 22, 85], [-72, 25, -65, 41, 33, 47, -59, -21], [29, -98, 18, -56, 41, 83, 62, -88]]
1
====================
[[-19, -91, -99], [-70, 30, -16], [-49, 84, 27], [-67, -47, 48], [-12, -71, 96], [-25, -100, 100], [96, 41, -51], [-15, -77, 24], [-40, 35, -57], [-58, -36, -68], [-82, 63, 74]]
90
====================
[[28, -31, 37, 35, 22, -97, 6, -16], [38, -74, -29, 69, 16, 5, -77, -85], [-56, 49, -24, -87, -31, 39, 38, 31], [-15, -94, -93, 61, 1, 73, 9, 78], [12, 3, 28, 30, 31, -72, -73, -41], [90, 98, 64, -35, -36, 99, -32, 96], [-75, 90, 30, -40, -61, -58, -44, -43], [-11, 47, 72, 44, 90, 34, 88, 56], [89, -81, -53, 83, -60, -89, -1, -68], [-75, -53, -60, 62, 89, 11, -85, -16], [53, -96, -49, 2, 4, 44, -41, 19], [19, -32, -92, 39, 74, -29, 96, 91], [97, 46, 82, 20, -69, -38, 77, 88], [50, 43, 37, -17, 15, 32, 86, -98], [-6, 10, 48, -12, -93, 43, 16, 5], [-31, 15, 64, -7, 65, 12, 38, 60]]
4
====================
[[-42, -82, 30, 93, 78, 85, 15, 90, -22, 24, -73], [1, -18, -38, -25, -64, 86, 7, 76, 36, 69, -56], [-18, -5, -22, -58, -83, -30, 56, 44, 99, -68, 71], [-64, -93, -20, 46, -74, -96, -90, -2, -73, -18, 93], [-87, 9, -89, 67, 14, 97, 17, -19, -45, -77, 49], [65, -37, 23, -92, 57, -12, -72, 57, -15, -59, 21], [64, -10, -36, 31, 62, -82, -90, 37, 67, -77, 85], [-7, 32, 87, -51, 26, 4, 37, 14, 65, 10, -77], [44, 17, 65, 90, -20, -34, 100, 78, 51, -43, -52], [63, -55, 46, -90, 73, -34, -16, 52, -24, -22, -11]]
107
====================
[[56, -55, 26, -10, 11, -59, -86, 100, 87, 7, 51, -67, 44, 93], [-44, 89, 68, -92, 44, 33, 83, 23, -52, 16, 56, -71, -68, 34], [56, -19, 34, 55, -51, -45, -14, -70, 10, -45, 71, 58, 21, -36], [-90, 63, 63, 70, 37, -27, -11, 72, 92, 93, 6, -81, 81, -57], [98, -22, -89, 78, 63, 10, -32, 17, -78, -58, 62, -12, -49, -24], [-47, 42, -38, -2, 2, 82, -74, -41, 49, 30, 14, -33, -19, -77], [-75, 76, 57, -17, 12, -74, -84, 38, 11, -8, -61, 41, 43, 60], [96, 31, -47, 10, 82, 63, -52, -67, 99, 15, -9, 43, 5, 54], [22, -93, -8, 47, 59, -54, -76, 69, -70, 54, 36, -46, 70, 2], [-22, -36, -73, 8, 10, 11, 46, 94, 12, -48, 31, 47, 80, -62], [-71, 99, 66, 68, 71, 28, -11, 18, -72, 96, 36, -29, 10, -25], [80, -74, -42, 64, 38, 39, -41, 83, -67, -35, 49, -19, 91, 21]]
1
====================
[[-86, 96, 68, 27, 45, 18, -52], [57, 28, 96, -23, 14, -71, 31], [-27, -34, -94, -7, 88, -88, 6], [-62, -4, 66, 35, -84, -52, 12], [-10, -96, 76, -93, 1, 62, -43], [-100, -82, -99, 71, 66, -47, -65], [-67, 4, -74, 35, -78, 30, -41], [9, 28, -41, 45, -97, 44, 65], [-10, 96, -13, -74, -97, -64, -79], [52, -18, -57, -2, -18, 67, -38], [55, -63, 44, 67, -87, 30, -52], [61, -22, -85, 88, 42, 10, 79], [-49, -36, 17, -97, 39, -53, -5], [87, 85, 60, 73, 76, 90, -67], [-97, 49, 11, -73, 25, -88, -22], [5, 89, 23, 89, 26, 10, 6]]
87
====================
[[54, 27, -85, -98, -66], [-80, -20, 9, 92, 19], [83, 83, -45, 34, 24]]
1
====================
[[-29, 54, 16, -81, 77, 93, -71, -23, -24, 86, 47, -61, -8, 90, -4], [93, -72, 86, -97, -75, -90, 10, -66, 44, 46, -78, 37, -35, 99, 3], [6, 21, 50, -54, -44, 72, -61, 97, 55, 79, -60, 70, -60, -29, -13], [94, -92, 28, 12, -95, -50, -73, 11, -9, 70, -72, -3, -43, -3, -21], [3, 18, 63, -100, 7, 48, 91, -40, 28, 73, 95, -89, -47, 73, 98], [-59, 85, -14, -41, -14, -12, 36, 23, -12, -66, 77, 66, 5, -80, -82], [-14, -80, -90, 56, -17, -3, 40, -43, 52, 86, 9, -74, 17, -92, -96], [25, -88, -99, -38, -15, 29, 59, 21, -69, 8, 38, -7, -46, -100, 23], [99, -57, -12, -75, 83, -55, -2, 69, 33, -9, -51, -45, -66, -56, -100], [-53, 32, -84, 10, -99, -63, 14, 89, 3, 78, 60, -82, 84, -88, -7], [-12, -51, 12, -75, 62, -79, -11, -47, -58, -4, -95, -13, -59, -80, -93]]
30
====================
[[84, 40, 75, -46, 3, -36, -18, 68, 77, 20], [95, 88, -3, -78, -83, -91, -64, -27, -26, 59], [96, -7, -6, 82, -21, -60, 26, 6, -96, 27], [13, -11, 52, -33, 20, 22, -76, -72, -30, 28]]
1
====================
[[-24, -59, 63, 88, 3, 34, -43, 48], [-6, -61, -81, -42, -66, 53, -25, 96], [66, 22, 9, -86, -74, -84, -4, 94], [-62, 24, 17, -67, -30, -53, -61, 6], [73, -41, 52, -18, 71, -2, -84, 24], [-10, -72, 17, 72, 88, -94, -23, 83], [11, -57, 31, 46, -66, 71, 56, -23], [41, 82, 3, -9, -93, 4, -37, -10], [-84, -45, -37, 30, 7, -84, 4, -5], [79, 67, 18, 40, -50, -18, 74, 39], [42, 35, 90, 26, -91, -96, -38, -48], [-43, -43, -4, 85, -55, 8, 63, -33], [2, -35, 51, -25, 24, -92, 14, -96], [6, -23, 71, 64, -1, 4, 91, -86], [-33, 51, -13, -34, 81, -84, 55, 59], [14, 31, 11, 54, 92, 80, -53, 44], [-76, -59, 57, -2, -57, -16, 5, -77], [19, 6, -70, 86, 31, 50, -24, 58]]
31
====================
[[-77, -35, -13], [-16, -52, -5], [-95, 44, -29], [86, -87, 14], [39, 47, 2], [71, -56, -19], [-96, -19, 20], [53, 10, -60], [-46, 88, -69], [14, -31, 100], [-4, 55, -75], [-91, 99, 25], [-74, -43, 15], [-26, -85, -43], [-30, 28, -18], [98, -63, -43]]
189
====================
[[100, 80, -54, -91, 23, 14, 57], [13, -96, 82, -86, 2, -85, 89], [66, 57, -93, 63, 14, -64, -83], [-6, -34, -24, -78, -87, 16, -83], [79, 20, -65, -89, -43, 38, -48], [-12, 35, -86, -23, 64, 48, -58]]
1
====================
[[68, -84, -85, 10, 52, 6, -11, 91, 38, -23, -30], [50, -6, 40, 89, -74, 15, 37, 63, 5, 26, -41], [-13, -70, -41, 3, 36, 92, 51, 75, -70, 48, 72], [-94, 56, -26, 68, 93, 90, -67, -47, 14, -19, -44], [-31, 28, -24, -42, -85, -85, -8, -2, 70, -33, 18], [23, -12, 22, -48, 58, -87, 8, -37, -83, -32, -61], [-97, 61, -15, -35, -36, 3, -68, 38, 60, 96, -93], [-86, 92, 43, 7, -91, 57, 36, -42, -47, -45, -59], [-18, -46, -20, 86, -37, -20, -39, 95, 66, 67, -6], [-4, 51, 29, -23, 92, 85, 41, 23, -25, -88, -33], [-38, 88, -47, -19, -52, 91, 11, -41, -8, -77, -35], [60, -68, 98, -51, -79, -7, -98, -1, 27, -22, 12], [35, -50, -85, 49, -70, 24, -95, -23, 65, 75, 15], [-58, -56, -48, 69, -82, 79, 42, 74, 2, -74, 55], [-94, -98, -79, -29, 82, 59, -98, -55, -98, -21, -67], [39, -92, 96, 31, -16, 37, -28, -66, -27, 85, 19], [-10, 65, -76, 4, -15, 92, 53, 67, 79, -36, 0], [33, 73, 43, 26, -2, 80, 47, -84, 73, 86, -41], [45, 7, -66, 34, -46, 43, 72, 14, 46, 84, -69]]
1
====================
[[-79, 85, -88, 38, 23, -93], [-86, -31, 99, 37, -84, 70], [32, 4, -84, -68, 62, 80], [42, -94, 22, 80, 20, 77], [25, 75, -70, -66, -49, -34], [27, -53, 42, -71, 63, 86]]
80
====================
[[71, -12, -2, -93, 84, 10, 31, -51, 1, -93, -96, -91, -28], [87, 93, -32, 93, 61, -2, -81, -31, -91, 27, -27, 67, 35], [67, -97, 48, 93, -7, -55, -76, 45, 12, -70, 64, 51, 26], [49, -95, 26, 75, 31, 58, -19, -11, 46, -12, 72, -13, 57], [18, -51, 11, 80, -37, 0, -2, -85, 92, 2, -20, 83, -6], [-94, -8, 88, -32, -14, -63, -6, 99, -20, -63, 33, 74, -46], [-24, -95, 14, -66, -79, 34, 44, -31, -66, -12, -92, 41, -93], [28, 2, -60, 49, -51, 47, -87, 66, -63, -31, -72, -51, 31], [-7, 71, 46, 84, -1, -73, 92, 5, -33, -4, -59, 98, 10], [66, 72, -10, -42, -13, 67, -93, 26, 49, 29, -67, 59, 85], [-33, -45, 86, -39, 16, -67, -52, 61, -52, 30, -74, 0, 56], [40, -31, 13, -7, -47, 85, 26, -48, 23, 24, 74, -54, 23], [30, 46, -34, -59, 83, 73, 87, -26, 94, 69, -4, -46, -29], [-57, 1, -97, 26, -21, -77, 19, -88, -93, 77, 79, 25, -76], [-31, 40, 39, -55, -20, -12, 9, 59, -12, -21, -24, -63, 32], [5, -42, 20, 92, -39, 56, 56, 47, -75, -39, -26, -74, 66], [95, -50, 23, 91, -84, 74, 91, -8, 61, 42, -96, 41, 81], [-46, -18, 35, 27, -67, -62, -47, 31, -24, -89, -11, -61, -22], [42, 96, 35, 2, 28, 96, 67, 43, -53, -9, -30, -38, 48]]
1
====================
[[44, 54, -50, -79, -5, -21, -40, 0, -97, 36, -87, -76, 43], [85, -4, -76, 70, 84, 12, -92, -37, -59, -79, -63, -22, 40], [-20, -64, 89, 90, 46, 23, 53, -85, -85, -68, -73, -74, 84], [41, -69, -88, -79, 52, 87, 17, 36, -70, -42, -47, -13, 32], [35, 66, -76, -56, -57, -50, 25, 34, 46, -83, 50, -62, 59], [-22, 94, -89, 35, 16, -7, 31, 89, -92, 0, 57, 62, 6], [19, -30, 98, 76, -70, -36, 17, 70, 85, 32, 9, 14, -87], [-39, -66, 67, -35, 36, -16, -32, -88, -9, -35, 17, 17, 6], [37, 96, 31, -14, -67, -63, 3, -2, -47, 80, -21, 76, -70], [-85, 77, 64, -68, -11, 33, 41, -99, 84, -29, -42, -67, 64], [57, -54, 27, -4, -90, 75, 86, -60, -65, 56, 69, 13, 45], [-64, -75, 39, 21, 86, 73, -24, 23, -34, 39, 81, 74, 50], [42, -5, -98, -80, 27, 52, 73, -84, 65, -81, 28, -14, 84], [-25, -39, 8, -82, -27, -99, -24, -34, 46, 20, -23, 47, 83], [91, 20, -12, -43, 0, -47, -18, 66, -28, 9, 99, 27, -76], [35, 59, 5, -64, 70, -86, -81, -60, 100, -97, 30, 2, -67], [-22, 89, -68, -51, 59, -44, -11, -28, 44, 65, -58, 74, -16]]
1
====================
[[90, -91], [35, 5], [11, -88], [10, -79], [-83, 81], [88, 38], [-87, 7], [97, 26], [17, 35], [-94, 57], [99, -91]]
1
====================
[[1, -24, -52, -44, -14, 94, 47, -58, 32, 58], [30, -34, -32, 50, 76, 65, -89, -86, -52, -93]]
134
====================
[[16, 63, -68, -25, 20, 24, 25, 77, -81, -58, -32, 58, -99, -18], [52, -47, 94, 30, 45, -66, 7, -41, -74, 49, 62, 66, 22, 62], [-21, -8, -39, -4, 45, -21, -84, -2, 17, -1, -88, -55, -98, 91], [-20, 29, -48, -5, -34, 70, 14, -25, -58, 8, 18, -55, -33, 6], [-43, 21, -4, -86, -71, -17, -16, 2, -76, 23, -76, 4, 63, 37], [27, -43, 25, 80, 9, -68, -3, 70, -48, -33, -37, -61, -77, -75], [-54, 24, -97, 93, -1, -77, 88, -9, 79, 95, 6, -45, -85, -38]]
1
====================
[[73, -71, 20, 10, -25, 48, 63, -47, -7], [20, 96, -70, 67, 81, 96, -28, 86, -88], [94, 46, 14, -72, -73, 38, -61, 33, -51], [-10, -40, -33, 96, -14, 37, -88, 4, -32], [-16, 0, 51, -80, -79, -20, 21, 72, 17]]
1
====================
[[-84, 100, -77, -41, -14, -72, -26, -98], [78, -96, -13, -93, 93, 3, 45, 94], [19, 55, 64, 56, 45, -80, 100, -77], [87, 72, 72, -42, 30, 71, 11, -1], [-62, -34, -22, -88, 64, 24, 78, -93], [37, 70, -98, -19, -100, -51, 16, 94], [-46, -63, -52, 46, 7, -90, -24, 24], [3, -3, -63, -26, -26, 40, 83, -38], [6, -78, -98, -4, -46, -13, 60, -57], [89, -2, 70, -97, 8, -95, -19, -74], [24, -86, -48, -39, -53, -62, 30, 83], [-58, -70, 19, -38, 86, -20, 70, 85], [-44, 39, -76, -43, -69, 5, -23, 30], [-50, -53, 43, 28, -40, -30, 3, -6], [99, -74, -91, -7, 37, -26, -75, 71]]
85
====================
[[-39, 95, -65, 9, -43, 25], [-43, -79, -58, 39, -13, -76], [84, -9, -19, -96, 1, 61], [27, -83, -89, 18, -49, -84], [82, 52, -25, 73, 51, -87], [-70, 100, -59, 72, 57, 93], [-55, 75, 79, 54, -46, 4], [-7, -38, 40, -19, -56, 43]]
40
====================
[[-3], [-82], [90], [-36], [-33], [57], [-59], [-40], [-62], [-74], [94], [-27]]
243
====================
[[-39, 13, -80, -19, 8, -76, -22, 18, -31, 48, 49], [76, -32, -53, -26, 87, 3, 98, -74, 6, -9, 73], [-75, -41, 54, -36, 19, 60, -39, -51, -49, -12, 10], [72, 16, 64, 64, -50, 34, -35, -44, 8, 55, -98], [54, -29, 75, 72, -71, -22, -12, -2, 23, 62, -60], [-50, -47, 98, -79, -100, 13, 24, 3, 69, -22, 26], [29, -72, -33, 68, -64, -10, 67, -48, 83, 10, 30], [-17, -4, 65, -3, -8, 62, -23, -60, -47, -55, 20], [-25, -72, 98, -19, 98, 88, -77, 33, 16, 23, 73], [58, -74, -71, 27, 10, -32, -58, 22, -78, 99, -67], [-96, 26, 86, 92, 42, -16, -56, -27, 87, 25, -41], [-25, 96, -23, 99, -69, 42, -9, -87, 22, -87, 42], [90, 29, 34, -5, 72, -89, 87, -77, -30, -1, 91]]
40
====================
[[-59, -76, -76, -57, 79, -47, -50, 32, -7, -73, 60, 11, 72], [60, 58, -29, 45, -30, 62, -18, 24, 94, 52, 79, -56, 18], [41, 39, 24, 30, 45, -75, -18, 80, 23, -43, 87, 97, 80], [68, -70, -77, -85, -1, -22, -34, -59, -11, -74, 6, -26, -32], [39, -8, -89, -54, 59, 67, 83, -62, 63, -41, 71, -30, 82], [-66, -29, 62, 92, 40, -39, 53, -17, -29, 47, 74, 63, 53], [28, 45, 3, -21, 38, 7, 9, 41, -48, -16, 99, 41, 63], [29, -97, -70, 55, -36, -53, 36, -80, -95, 45, -45, 73, -12], [19, -79, -44, 10, 35, 43, 92, -96, -58, -65, 5, -34, -46], [-87, -41, -87, -91, -77, -41, 45, -16, 93, -75, -2, -65, -49], [-2, -23, -66, 92, -88, 79, 33, 94, 15, 9, -48, 80, -3]]
60
====================
[[-18, 41, -10], [-69, -81, -92], [26, -40, -78], [-42, 26, 4], [46, 58, 65], [70, 45, 69], [-58, 69, 89], [36, -23, -38], [26, 76, -78], [-94, -99, -44], [84, 51, -75], [-97, 10, 11], [50, -100, -93], [-70, 84, -91]]
99
====================
[[28, 11, 96, -80, -2, -69, 30, 90], [-51, 43, 32, 40, -92, 41, -37, -54], [79, -26, -70, -5, 51, -47, 76, 59]]
1
====================
[[25, 52, 1, -82, -16, -75, 1, -64, 10, 41, -66, -65, -91, -94, 99, -10, 2, 95, 50], [34, -78, 72, 45, 3, -93, 15, 42, -85, 57, -18, -35, 11, 28, 11, -17, 77, -27, -12], [-27, -5, -72, 65, 52, -23, -21, 16, -38, -40, -78, -39, 67, 65, -6, -4, 33, -55, 96]]
1
====================
[[60, -18, -27, 28, -7, 96, -2, 75, -3, -58, -90, 59, 86, -72, -43, -13], [-28, 73, 10, 71, -6, -80, 70, 99, -2, 60, 40, 27, -37, -73, -48, 100], [-52, -2, 55, 68, 74, -44, -7, -93, -14, 33, 30, 36, 49, -60, -7, -64]]
1
====================
[[74, -31, -47, 25, 49, 52, 11, 27, -1, 31, 66, 46, 71, 9], [18, -52, -45, -86, -18, -95, -14, 94, -30, -99, -25, 87, 61, -25], [57, -88, 16, 49, 65, -75, 34, -78, -98, 4, -80, -98, -90, 7], [18, -68, 3, -74, -67, 76, 18, -39, 4, -46, 48, 35, 96, 88], [5, -56, -52, -67, -92, 65, -82, -34, -24, -44, -12, 88, 67, -53], [88, -94, 21, -53, -91, -59, -96, -65, 97, 49, 63, 100, -48, 83], [-75, 77, 95, 45, 54, 46, -2, -59, -18, -44, -9, 85, -89, -29], [46, 42, -60, -66, -45, 23, 19, -68, 82, 4, -41, -93, -30, 56]]
1
====================
[[-68, 40, -5, -20, -17, 97, 20, 4, 41], [20, 42, 33, 45, -60, -14, -68, 34, -13], [-85, -44, 71, -68, 65, 76, -81, -44, -6], [84, -63, -31, -14, -37, 22, -65, 40, -94], [-16, 6, -58, -23, 70, -92, -11, -66, 7], [73, 41, -99, 23, 75, 32, 22, 25, -39], [84, 83, -75, -77, 46, 40, 60, 39, -15], [54, 34, 81, 23, 36, 45, 7, -47, -55], [-94, -80, -39, 6, -15, 24, -1, -57, -6], [-34, -74, 15, 85, -77, 87, -43, -76, -94], [33, 75, -22, -43, 33, -91, 33, -87, -60], [1, -23, 77, -47, -20, -85, -22, 93, 27]]
69
====================
[[27, -26, -41, -66, 74], [-36, 90, 95, -27, 14], [88, -41, -98, 20, -40], [82, 98, -77, -93, 70], [-79, 83, -84, 68, -74], [83, -72, -47, 63, 2], [47, -82, 80, -100, -47], [56, 99, -26, 25, -43], [-55, -38, 14, -12, -59], [86, 53, -30, 35, -19], [-47, -35, -30, -53, -48], [-36, 80, 11, 9, 19], [-39, 29, 34, -69, -35], [-10, -17, 28, 56, 33], [46, 15, 6, 38, -10], [54, -54, -1, 66, -12], [-59, -78, -66, -37, 64], [-26, -33, -93, 46, 93], [-47, 10, -58, 78, 29]]
1
====================
[[37, -100], [-14, 87], [-70, -59], [25, 7], [-41, -89], [-85, 32], [67, 31], [73, 78], [90, 14], [-10, -76], [-37, -89], [-18, -97], [53, -1], [-23, 87], [30, 4], [-28, -74]]
140
====================
[[-33, -96, -60, 5, -70, 66, 49, -66, 68, -25, 52, 96, 89, 85, 6, 21, -38, -14, 56, 30], [15, 73, -24, -13, 19, -98, 26, 100, -13, 11, 11, -16, 38, 25, 90, -67, -21, 96, 24, -68], [-70, -22, 83, -95, -75, -52, 44, -98, -59, -58, 94, 11, 75, 69, 23, -11, 18, 95, 86, 30], [22, 59, -18, 34, -16, -23, -90, -15, -90, 1, -1, 83, -29, 30, -40, -41, -86, -82, 27, -19], [15, -3, -78, -21, -56, 79, 71, -66, 85, 55, -67, -91, -95, 96, -94, 46, 17, -50, 79, 75], [25, -1, -79, 57, -69, 46, 35, -63, -5, -84, 77, -95, 33, -1, -27, 82, -40, -44, 89, -19], [-64, -1, -62, 89, -59, -18, 86, 97, -46, -83, 31, -31, -2, -55, 92, 8, -61, 48, -58, -93], [-36, 45, -12, 1, -70, 92, 15, -8, 7, 35, 67, 44, -8, -51, -22, -9, -78, -29, -6, 24], [-11, 46, 54, -86, -65, 91, -27, -54, -51, 33, 90, 66, -75, 17, 20, -2, 92, 53, 89, 35], [34, -3, 6, -90, 16, -9, 44, -22, 12, 61, 66, 19, -5, -74, -100, 32, -41, -30, 38, 6], [-72, -88, -54, -16, 57, -60, -97, -24, -15, -36, 67, -62, -25, -68, -84, -85, -69, -88, 45, 79], [-3, 11, 92, 51, 7, 67, 38, -26, -65, -70, 34, -13, -9, -54, 75, -37, -47, -25, 26, 14], [-61, 56, -68, 63, 79, 32, 97, -87, -26, 56, 40, -47, 24, 70, 85, -79, -32, 31, -64, 46], [-8, 99, 49, -96, -59, 25, -41, -52, 48, 68, -84, -83, 66, 17, -38, -59, -8, -26, 79, 45], [-77, 62, -15, -92, 6, 58, -87, -52, -33, 52, -38, -41, -85, 65, 75, 38, -45, -2, 12, -15], [-77, 38, -66, -71, -63, 25, -9, -84, 98, -12, -96, -2, 83, -30, -37, 36, 19, -78, 93, 67], [-42, -63, -61, 39, 85, 3, -40, 30, -43, -16, -89, 78, 49, -8, 13, -76, -58, -82, 20, 18], [-92, 95, 33, 36, 66, 40, 65, -13, -31, 65, 47, 36, 47, -10, 92, -97, 72, 72, -87, 72], [-83, 89, -59, 47, 16, 89, -63, 12, -5, 6, -28, -79, 44, 72, 98, -17, 40, 71, 34, 62], [-1, 92, -88, -96, -81, -94, 43, -80, -74, 74, 50, 66, 76, -89, -48, -14, -50, -33, 48, -54]]
34
====================
[[-4, 87, 38, 23, 81, 93, 31, -86, -18, -28, 1, 19, -32, 53, -28, -7, 51], [77, 74, -18, 9, -2, -98, -34, -14, 53, 29, -8, -33, 55, 11, -23, -81, 43], [74, 15, -6, -72, 91, 49, -44, -48, -33, -2, 74, 51, -11, 42, -11, -51, -88], [19, 24, 82, -61, -56, -74, 18, -55, 53, 2, -67, -62, -45, -50, -2, 4, 50], [98, 8, 77, 33, -93, -56, -55, -100, 18, 45, 24, -53, 27, 55, -77, -98, 77], [72, 41, -31, -76, -66, -12, 42, 8, -87, -30, 1, 51, 71, 94, 24, -61, -6]]
5
====================
[[-48, 21, 59, 51, 84, 6, -52, -58, 48], [32, 49, 91, -26, -52, -95, -25, -68, -65], [-42, 88, 71, -85, 85, -78, -86, -94, 8], [22, 57, 35, 60, -23, -90, 59, 43, 34], [-76, -9, -57, 86, 93, 71, -45, -26, 25], [82, 92, -50, -49, -86, -75, -80, 66, 85], [47, 10, 21, 21, 20, 74, -36, -60, 11], [96, -34, -15, -9, -17, 36, -88, 79, -99]]
49
====================
[[26, 75, 49, 17, -84, 26, 96, 20, -43, 21, 66, -31, -2, -47, 72, 72, -35, -76, 20, -93], [-18, 52, 92, -16, -13, -33, 2, -85, -20, 45, 59, -43, -51, 3, 71, 8, 76, 84, -26, -62], [-45, 22, 34, -69, 89, 70, 61, 1, -22, -11, -73, -18, -30, 20, 76, -87, 12, -21, 17, -45]]
1
====================
[[12, -1, -82, -35, -94, 74, -63, -89, 51, 82, -1, 73], [85, 88, -22, -13, -91, 75, -20, -35, -1, 38, 7, 52], [-90, 47, 13, -3, -63, 79, -32, -61, -6, -87, 95, 51], [82, 79, -51, 91, -57, 7, 9, 86, -95, -62, 83, 67], [-86, -63, -66, -87, 15, 61, -35, -6, 30, 78, 0, -58], [84, -12, -35, 62, 71, 41, 91, -33, 72, 24, 39, -34], [-57, 69, -25, 93, 11, -53, 39, 37, -33, 8, 70, -38], [44, 98, 12, 7, -42, -90, -71, 97, -17, 31, 2, -55], [39, -3, 96, -89, 48, 12, -80, -74, -97, 76, -56, 7], [-36, -92, -22, 97, 67, 24, 57, -18, -56, -15, -53, 52], [7, 95, 37, 93, 20, -62, -35, 97, 3, -52, 76, -6], [-42, 36, -67, -12, -18, -24, 33, 97, 65, -18, -14, -49], [29, 35, -43, -65, -59, 67, 17, -54, 83, 62, -91, 26], [-59, -82, 72, 95, 44, 95, 47, 19, -63, -77, 29, 8], [-7, 27, 26, -10, -60, 75, 10, -22, -79, -9, -92, 41], [5, -85, 83, 89, -52, -75, -76, 47, -49, 62, 12, 41], [70, -77, -14, -84, 60, -53, -34, -82, -67, -76, -21, -50], [-68, -62, 63, 83, -85, -44, -39, -83, -72, 67, 55, -52], [33, 88, -41, 4, 93, -23, 23, 3, 92, -34, -35, -84], [-99, 39, 100, -85, -95, 74, -36, -51, 38, -8, 41, 93]]
1
====================
[[70, 78, 59, -27, 19, -57, 46, -30, -26, -20, 2, -21, 38, 12, 69, 13, 41], [-80, -76, 43, -50, 24, 66, 52, 77, -15, 60, -60, -11, -47, 10, 29, 41, -31], [15, -48, -84, -39, -40, 51, 87, -46, -36, 39, 95, -67, -32, -90, 98, 49, 97], [6, 25, 55, -11, 100, -37, -88, -36, 80, -32, 51, -85, -76, 72, -43, -28, -68], [20, 97, -16, 11, -98, 89, 87, -96, -78, 22, 76, -34, -36, -9, 65, -21, -13], [65, 38, 29, 1, -14, 54, 13, -88, 31, 3, 79, -88, 6, -48, 71, 78, 98], [-66, 57, 68, -95, -67, 8, -50, 65, -75, -86, 65, 5, -46, -94, -32, 46, 29], [30, -47, -23, -46, 33, 1, 7, -62, -68, -15, 42, 73, -76, 82, 95, 98, -48], [-66, -78, 93, -82, 98, -57, 93, 92, -26, -71, -92, -28, -68, -76, 19, 14, -95], [-6, -16, 41, -48, -27, -71, 87, 4, -41, 38, 99, 69, 90, 11, -77, -89, 30]]
1
====================
[[-50, 0, 13, 54, 14, -98, -55, 95, -96, 81, -97, -100, 74, -36, -81, -76, -30, -95, 31], [-64, 11, 56, -77, 32, -73, 48, 42, 87, 55, 56, -43, 23, 76, -66, 9, 32, 91, -9], [-20, 98, -100, 54, 99, -49, 20, -35, -100, -1, -45, -20, 83, 78, 69, 76, 58, -8, -98], [36, -53, -58, 25, -45, -22, -52, 99, -88, 36, 68, -7, -82, -85, -3, 87, 13, -29, 72], [-16, 21, 62, 51, 89, -68, -32, -6, -16, 91, 48, 20, -86, 54, 50, 37, -56, -34, -96], [-28, 10, 55, 24, 57, 43, 94, -68, 69, -64, 68, -58, -76, 7, -97, -34, 20, 27, -2], [-88, 23, 32, 94, 32, -98, 84, -22, 18, 23, -75, 54, 71, 71, -13, 10, -7, 65, -72], [-2, -88, 83, 100, -91, -55, -81, 74, -15, 38, 5, -27, 53, 100, -38, 15, 77, 39, 61], [-84, 28, 6, 47, -66, -61, -56, -40, -11, -15, 82, -29, 70, -34, -28, -70, -38, 5, 12], [-23, 42, -67, -35, -78, 55, -72, 88, -50, 31, 4, 45, -71, 22, 76, 8, -30, -88, -88], [62, 46, 99, 28, 63, 7, -81, 66, -29, 16, -50, -93, 51, 45, -31, -3, 32, -54, -53], [-90, -20, 67, -43, -45, 32, 64, 29, 95, -59, -50, 10, -28, -40, 14, 63, 59, -83, -55], [-5, -63, 65, 23, 2, 30, -47, -69, -29, -74, -42, 41, 51, 28, -56, 87, 28, 90, 21], [16, -5, 70, -45, 81, 52, -99, 45, -93, 63, -72, -62, -38, 6, -48, -29, 25, 15, 51], [-64, -30, 12, -61, 44, 67, 76, -54, 88, -98, 80, 69, 53, 53, 61, -11, 66, -66, -72]]
51
====================
[[-57, -2, 46, -90, 91, -75, -2, 68, 30, -75, -22, 69, -87], [27, -24, -96, -52, 76, -95, 75, -89, -70, -33, -42, 35, 99]]
104
====================
[[-91, 70, -11, 55, -79, 62, -6, 35, 20, -39, 14, -25, -51], [-72, 4, 98, -35, 55, -77, -28, 49, 40, -62, -87, 67, 89], [-1, -13, 74, 8, 26, 25, 77, -55, -75, 71, 2, -1, 42], [23, 5, 22, 44, 40, -49, -53, 82, 41, 46, -15, -53, -62], [77, -44, -78, 80, -4, -19, 6, -75, 47, 73, 60, -97, 21], [89, -84, 26, 44, -12, -48, -68, 66, -37, 46, -58, 94, 7], [28, 96, 44, 58, 71, 69, -69, 6, 27, 0, 8, -67, 43], [90, -9, 14, -99, -8, -38, -14, 84, 25, -31, -4, -74, -94], [86, -97, 95, -78, -5, -83, -42, 60, -77, 81, 57, 22, -34], [-38, -14, 3, -65, -84, 66, 11, 42, -21, 56, -62, 99, -24], [-56, 37, 84, -17, -28, 37, -95, 66, 30, 41, 98, 64, 92], [46, -33, 74, -23, -67, 30, 58, 3, 23, 82, 59, -28, 17]]
92
====================
[[-51, 53, -53, 68, -44, 62, -69], [-3, -82, -14, -5, -87, -28, 70], [49, 97, -2, 23, -15, 59, -70], [54, -37, -51, 37, 15, 58, 11], [-15, 71, 47, -53, -71, 97, 41], [-76, 24, 66, 59, -62, 76, 82], [57, 63, -7, 25, 20, 100, 64], [-17, -42, -19, -16, 17, 25, 56], [71, -14, -14, 36, -60, -83, -35], [-99, 42, -90, 9, 67, -29, -81], [15, -49, -48, -18, 19, 10, 54], [55, 27, -18, 20, 95, -51, 48], [-2, -93, -62, -19, 80, -64, 7], [-44, -23, 73, -26, -39, 62, -94], [-98, -62, 62, -78, 96, 44, -62], [20, 19, 89, -4, -33, -38, -3], [58, 1, -2, 46, -54, -25, -63]]
52
====================
[[42, 60, 50, 46, 47, 93, 72, -5, 29], [71, -72, -19, -47, 95, -74, -51, -37, -4], [72, 49, 99, 55, 8, 66, -25, 100, -7], [51, -46, -96, -84, -28, 95, 86, 3, -98], [-33, -23, -90, -77, 30, 74, 90, 46, 24], [-19, -82, -84, 94, -84, 28, 21, 96, 46], [-25, 0, -3, 86, 6, -33, -51, -37, 80], [-91, 68, 4, 6, 21, -47, 55, -78, 36], [71, -96, 50, -71, -64, 3, -68, -52, -52], [-30, 0, -20, -86, -93, 7, -95, -7, 0], [55, 19, -28, 50, 71, -55, -46, -5, 38], [-5, -56, 3, -22, -98, -62, -63, 98, 17], [-98, -62, -17, -90, -84, -24, -92, -62, 67], [-47, -48, 32, -13, -53, -7, -31, -18, 23], [-47, -37, -94, 18, -47, 13, 80, -17, 55], [-42, -23, -64, -27, 95, -68, 81, -37, -14], [-19, -85, 30, 48, 44, -27, 28, 74, -77], [62, 85, 71, -14, 70, 53, 23, 96, 49], [-34, 75, 81, -54, -17, -52, -66, -100, 85], [-20, -19, 65, -81, -90, -13, 43, 48, -83]]
1
====================
[[4, -64, -59, -72, -81, -71, 93, 61], [-19, 26, 3, 23, 57, -77, 67, -61]]
16
====================
[[48, 59, -22, 14, -76, -76, 73, -55, -61, 29, 65, 78, -66, -40, -28, -77, 65, -48, -36], [70, 22, 10, 57, -69, -11, 87, -52, 70, 98, 24, 49, 52, 42, 25, 73, 62, 75, 61], [-95, 48, 54, -86, -65, 85, 30, -11, 2, -94, -78, -77, -64, -6, -100, -15, -25, -14, -43], [77, -38, -92, -35, 31, -71, -80, -10, -63, 61, 64, 8, -49, 22, -60, 27, -93, -96, 92]]
1
====================
[[-93, 59, -59, 12, 46], [-22, 60, -44, 66, -15], [-19, -11, 95, -10, -40], [-32, 78, 97, 50, -27], [42, 45, 74, 52, -48], [-45, -82, 48, -2, -33], [-10, -31, 73, -66, -77], [-90, -3, -36, -33, 41], [-92, 69, 33, 55, 87]]
94
====================
[[13], [44], [-70], [30], [37], [79], [83], [-10], [60], [-8]]
14
====================
[[14, -37, 25, -34, -21], [-1, -13, 69, 8, 96], [79, 17, -67, 9, -52], [-99, -69, 16, -99, 1], [78, -29, -96, -100, 52], [70, -75, 43, -26, -57], [3, -37, 76, 95, -49], [42, -59, -83, -76, -13], [34, -3, -54, 55, 23], [-81, -78, 4, -96, 20], [-23, 88, -25, -97, 7], [-12, -71, 52, 65, 100], [-7, -55, 56, -39, -96], [25, 13, -13, -46, 50], [-73, 60, -94, 25, -41]]
1
====================
[[-50], [68], [-94], [43], [72], [-34], [-74], [94], [28], [-3], [-94], [-10], [-75], [-56], [53], [-91], [22], [-56]]
258
====================
[[-64, -24, 74, 68, -92, 30, 43, -94, 52, 36, -5, -27, 9, -80, 43, 18, 71, 20], [25, 77, 100, -96, -93, -90, -42, -75, 4, 4, -3, 76, 5, -34, 40, -32, -58, -43], [13, 1, -30, -9, 7, -17, 81, -14, -78, 93, 25, 42, 44, -82, 19, 7, 57, -13], [37, 71, -89, 35, -18, 12, 42, 50, 91, -3, -43, 94, -45, -89, -89, 10, 15, -20], [48, 79, -41, -98, -86, -98, -35, -4, -75, 12, -61, 32, -96, -84, 94, -16, 59, 93], [65, -66, 46, -51, 3, -11, -52, 15, 48, 6, 71, 4, 97, -27, -76, 70, 6, 5], [24, 100, 0, 27, 26, 70, 90, -52, 60, -12, -100, 25, -41, -100, -19, 11, -57, -22], [-100, 18, -99, -32, -55, 61, -32, 79, 85, -36, 70, 12, -29, 41, -64, -27, -54, -82], [45, 83, 51, -98, -63, 86, -79, 20, -25, 17, 77, 43, -55, -2, -38, 23, -75, 1], [-81, 33, 26, 35, -53, -43, -91, 40, -9, 36, -68, 11, -84, -67, -83, 14, 48, 45]]
65
====================
[[66, 32, -9, 21, 56, -2, 44, 89, 48, 64, -12, 5, 90], [71, -54, -10, 87, -16, -78, 56, -40, 65, -78, -2, -25, -46], [40, 67, 94, -12, -67, 26, 44, 14, -63, -69, 29, 34, -16], [-90, 91, 69, -63, -39, -7, 91, -80, -70, 59, 20, -82, -44], [-78, 88, 33, -74, -96, -80, 41, 22, -8, -32, 39, 86, -11], [8, -8, 32, -96, 23, 73, 67, -12, -78, -61, 4, -41, -81], [-19, -54, 81, 27, -84, 51, 85, -68, 26, 75, 77, -83, 11], [17, -88, -68, -96, -6, -49, 47, -64, -52, -51, 38, 3, -79], [-92, -77, -75, 76, 41, 56, 47, -7, 7, -92, 33, -91, 79], [-53, -78, 89, -62, 4, -41, -10, -35, 8, -61, -17, 73, 37], [35, -86, -4, 8, 61, -19, -32, -29, 16, -68, -44, 44, -4], [-52, 43, -69, -80, 67, 29, 46, 43, -95, -50, 58, -21, 89], [67, -50, -93, -19, 58, -59, -88, -57, -78, 8, 64, -41, -10], [-82, -93, -54, 20, -42, 76, -3, 17, 16, -43, 43, 6, -26], [-32, 20, 26, -93, -53, 53, 56, -80, 83, 74, -18, 83, -71], [7, 24, 83, 59, -91, 77, -75, -83, -52, -17, -2, -57, -78], [95, 4, -60, -3, 22, -61, 12, -49, 13, -68, 47, -74, 75], [43, -91, -5, -82, 93, -67, 58, 63, -43, -61, 50, 36, 53], [40, 50, 13, -20, 73, -33, 72, 13, -81, 19, 31, 80, 50]]
1
====================
[[-57, -63, 68, 31, -39, -91, -87, 5, -89, 21, -10], [54, -34, -27, 59, 67, -15, -8, -50, -76, 62, -31], [57, -88, 69, 32, 36, -23, -21, 52, -16, 7, 0], [70, 27, 86, 20, 27, -99, 32, -53, -20, -93, 82], [55, 19, -64, 87, 64, 83, -29, 43, 78, -16, 62], [-27, 42, -27, 56, -100, 19, 22, -67, -54, 77, 9], [55, 54, 42, 21, 7, 24, 67, -25, -34, 33, 94], [68, 70, -92, 36, 36, 56, 32, -62, 26, -86, 43], [-54, 61, 0, 56, 98, -89, -13, -64, 49, -20, -67], [-4, 72, 13, -86, -96, -90, -18, 22, 91, 52, 37], [59, -42, 87, 69, 18, -38, -21, -88, -57, -39, 51], [27, -86, -32, -18, -50, 31, -13, 27, 57, 37, -85], [68, 90, 13, 43, -28, 5, 25, -71, -69, -66, 6]]
58
====================
[[-32, 52, 6, -43], [20, -43, -100, -60], [-4, -74, -3, -20], [-43, -37, 79, -1], [-32, 83, -93, -6], [12, -41, 100, 39], [-74, 55, -57, 90], [96, 82, -4, 78], [81, 64, -20, 42], [0, -29, -51, 86], [25, -70, 0, -63], [-93, 100, -26, 80], [-15, 12, 78, -93], [-99, 22, -69, -16], [-78, 97, 4, -64], [65, -19, 57, -81], [13, -58, -9, 35], [-25, -28, 45, -59], [-89, -62, 29, 59], [26, -92, 79, 20]]
78
====================
[[2, 39, 25, 40, -24, 87, 53, -67, -75, 98], [16, -76, 42, -28, -86, -80, -2, -81, -9, -79], [-72, 61, 28, -94, 100, -5, 7, 39, 74, -92], [-93, 64, -92, 73, -27, -47, -85, 17, 68, -65], [-85, 13, 38, -30, -32, 59, -22, -41, -8, -48], [51, 83, 96, -29, 34, -62, 4, 3, 92, -7]]
1
====================
[[-29, 82, 56, -73, -86, -79], [-72, 57, -30, 12, -30, -8], [55, 70, 43, -24, 14, 59], [29, 10, -79, 49, -92, -97], [-19, 54, -36, -64, -57, -69], [40, -5, -3, 33, 17, 52], [96, 97, 21, -65, -22, 77], [6, 18, -48, 64, 59, -89]]
30
====================
[[-97, 67, -32, -90, 22, 55, 83, -59, -51, -7, 2, -93, -40, 85, -33], [-56, -30, 71, -83, 90, -99, 6, -77, 70, 50, 97, 17, -52, -37, 22], [27, -73, -83, 96, -95, 49, -75, -7, 27, 60, 84, 43, 38, -39, -21], [-36, -22, 31, -16, 85, 37, -3, -26, 50, 66, 29, 9, 98, -85, 30], [-76, -13, 98, -100, 0, -81, 72, -45, -76, -51, 10, 100, 0, -12, -51], [-16, 97, 69, -50, 71, -13, -40, 84, 43, -2, 97, 48, -22, -10, 39], [18, 100, 96, 8, 66, 20, 40, 35, 30, -77, -67, -70, 71, -21, 41], [-26, 78, -61, 1, -32, 83, -66, -74, -23, -54, 10, 26, -95, -66, 96], [-88, 11, -11, -95, -86, 36, 34, 22, -59, -80, -2, -52, 82, 48, -35], [-85, 61, -57, 33, 70, 6, 6, -54, 41, -33, -17, 60, -76, 61, 78], [68, 28, 99, 73, 9, 23, 23, 40, 82, -99, -87, -62, -78, -36, 15], [-99, 35, 14, 22, -5, 99, 71, 74, 9, 22, 38, 15, -100, 44, -87], [-54, -53, 62, 5, 93, -94, 15, -96, -8, -47, 20, 34, 7, 45, 17], [4, 64, -38, -17, -65, -90, -86, -50, -15, -79, 54, -23, -54, -57, 52], [99, 64, 53, -20, -75, 100, 53, 93, 13, -79, 91, -56, 9, 74, -44], [87, 92, -46, 93, 59, -75, 4, -16, 34, 19, -11, 46, 48, -10, 54], [66, -95, 84, 61, -36, 76, 59, 80, -73, -66, -20, 15, 74, -83, 90], [16, -9, -85, -35, 63, -52, 66, -73, -11, 13, -3, -30, 42, -76, 11]]
98
====================
[[-16, 38, -36, 82], [17, 53, 82, 97], [-43, -39, 40, 5], [-54, 66, -85, -7], [41, 37, 68, -30]]
17
====================
[[-26, 37, 57, 94, -60, -51, 55, 67, 55, 44, -24, 19, 96, -64, 36, -21], [53, -97, -6, -85, 100, -44, -42, 11, 77, 18, 19, -57, 43, -41, 11, -96], [27, 25, -69, -71, -88, -59, -78, -33, 61, 23, -84, 97, -40, 58, -52, -21], [38, -81, -77, -63, 73, -85, 78, -32, 94, -100, -86, 81, 22, -94, 71, -85], [-12, 34, -36, 62, -2, -88, 56, -26, 70, 29, -2, 37, -75, -60, -42, 61], [-79, 94, 43, -69, 59, -68, -23, -21, 0, -10, 31, -61, 41, -14, -90, -34], [42, -4, -8, 60, -8, 21, -14, -43, -4, 93, -29, -71, -5, 94, 9, -65], [-54, 87, 66, -31, -94, -56, 97, 53, -66, -66, -51, 61, 55, -25, 82, 9], [-92, 23, 42, -58, 72, 16, 6, -32, -15, -60, 36, 36, -73, 63, -50, -20], [-43, -99, -81, 41, -18, 4, 29, 96, -9, -12, 37, -37, -76, 17, 97, 40], [17, -60, 18, -15, -69, -35, 5, 37, -20, -16, -7, -36, 74, -82, 97, -7], [47, 91, -36, -35, -74, -77, -65, 60, 54, 55, -28, 31, 47, -95, -76, 24], [69, 3, -67, 38, 10, 3, 40, -62, 33, -64, 100, -56, -75, 58, -53, -69], [100, 79, 13, -89, 46, -63, 98, -42, 43, -20, -87, -17, -18, 93, 36, -22], [9, -45, 62, -13, -41, -20, -64, -36, 61, -42, 15, 80, -10, 33, 18, 47], [10, -45, -2, -14, 14, 67, 10, 13, -66, 32, 21, 15, 86, -72, -5, -65], [64, 58, 30, 90, -42, 3, -68, -56, -27, -60, -36, -41, 68, -92, -99, 47], [-23, -14, 3, -13, 48, -4, 4, -88, 90, -22, 59, -53, -84, 3, 15, -80]]
27
====================
[[-99, 84, -13, 59, 73, 70, 26, -90, -67, 64, 95, 20, -93, 58, 44, 93, 14, -26, 31, -61], [57, -6, -38, 88, -2, 86, -25, -87, -91, 2, -61, 58, 32, 89, 66, -84, 78, 79, -34, 12], [88, 33, 50, 59, 76, 36, -51, -80, -56, 20, -90, -64, -48, 11, -57, 80, -2, 62, 94, 90], [-59, -66, 94, -7, 8, 98, -66, 70, -74, -90, 2, 100, -36, -41, 1, 19, -26, 24, 69, 12], [-28, 58, 66, 16, 29, -29, 20, -76, 3, 60, 41, -36, 36, 55, -50, -57, -2, 25, -57, 8], [-80, 31, -97, 47, -70, 94, 79, 88, 47, -70, 4, -26, -42, -62, 51, -80, -77, 43, -53, 83], [-83, 84, 44, -67, 85, -45, 53, -92, -55, 21, -2, 76, 3, -12, -15, -83, 66, -69, 39, 47], [6, -2, 89, 6, 19, -10, 62, 20, -77, 56, -62, 29, -26, -81, 45, 81, 7, -62, 69, -80], [-89, 97, -73, -69, -96, -68, -79, 3, 89, -26, -93, 24, -81, -79, -28, -92, 70, 55, 56, -67]]
100
====================
[[88, 74, -40, -67, 27, -27, 52, 19, -99, -36, -4, 57, -39, 24, -63, 3, 77, 44, 56], [78, -56, 42, -7, -41, -13, 35, -7, -76, 97, -48, -74, -4, -21, -64, -43, -49, -80, 43], [-44, -2, -25, 46, -65, -26, 58, 60, 93, -13, 75, -45, -3, 65, 77, -98, 53, -26, 98], [-15, 20, -14, -8, 91, -17, -5, -43, 39, 30, 20, 24, 70, -83, -9, -58, 3, 85, -85], [35, 72, -73, 34, 59, 40, 8, -42, -73, -91, -93, 64, 56, 41, 71, -58, 43, -3, 46], [59, -3, 98, -50, -72, -91, -12, -91, 53, -17, -29, 9, -100, 17, 55, -41, 34, 39, -80], [-49, -9, -8, 85, -33, -24, 77, 14, -55, 44, -94, -44, -22, -64, 99, -4, 100, 21, -81], [-99, -97, 57, 79, -70, -83, -38, 24, -70, 98, 46, -31, -14, -6, 30, -88, 50, -31, -65], [-54, -96, -7, 66, -15, 39, 8, 26, -44, 80, 13, -4, 24, 37, -19, 18, -83, -95, -60], [11, -73, -43, 95, -86, 55, 96, 49, -100, 25, -31, 58, 77, -62, -27, 23, -42, -25, 88], [-26, 3, 88, 16, -74, 72, 30, -79, -58, 78, -50, 77, -48, 93, 79, -49, 90, 84, -53], [-15, -18, -91, -16, 44, 89, -59, 70, 13, -58, 57, 7, -67, -86, 34, 38, -75, 29, -60], [7, 4, -66, 94, -68, -38, 12, -49, -61, 100, 86, 78, 93, -15, -40, -9, -45, -36, 73], [13, 12, 100, -29, -18, 58, -2, -89, 100, 6, 73, 30, -40, -32, 75, -20, 91, -66, 49]]
1
====================
[[28, 76, 34, -46, 84, 27, -86, 11, -69, -64, -54, 35, 17, 95, -75, -84, -40, -75, 6, -39], [69, 13, -45, -57, -84, -73, 26, 85, -95, -43, -51, 68, -100, -30, 3, -73, 29, -8, -48, 81], [-65, -49, 77, 81, 17, -70, 4, -22, 77, 25, 64, -11, -32, 20, 33, 72, -7, -1, -93, 39], [10, 45, -38, 39, 95, 24, -58, -69, -92, -52, -21, -10, -29, 24, -38, 63, 40, -55, 97, -10], [-57, 50, 10, 7, 100, 14, -43, -74, 93, -78, -94, -14, -11, -25, -94, -91, -27, 18, -26, 7], [26, -67, -88, 1, -76, -25, -91, 60, -11, -62, 82, 0, 72, 61, 82, -1, 39, 50, -79, -51], [-14, 10, -27, -98, 24, 68, -21, 28, 77, 34, -89, -28, -81, -25, -73, 41, -15, 97, -45, -65], [-82, -54, -91, 14, 6, 15, 61, -22, 75, -68, -53, -31, 61, 94, -38, -82, -20, -86, -81, -18]]
1
====================
[[91, -87, -8, 63, 37, -45, -72, -78], [9, -80, 17, -52, -65, -25, -91, 32], [-88, -14, -73, -69, -22, 82, 64, 99], [86, 78, -20, -26, 23, 46, 83, -40], [-91, -59, 23, -87, 43, -6, -86, 30], [-17, 96, 5, -46, 47, -25, -64, -50], [64, -36, -83, -84, 100, -78, -34, 90], [33, -46, -12, 22, -51, -55, -7, 89]]
1
====================
[[67, -97, 53, -38, -59, 55, -39, 67, -58], [74, -46, -87, -19, 32, -55, -11, -74, 60], [100, -6, 48, 53, -94, -6, 80, -97, 91], [95, -55, -7, 72, -62, 72, 42, 25, 2], [-26, 6, 63, -35, 69, -61, 6, -78, -66], [39, 36, 7, 35, 95, 9, -28, 58, -84], [59, -32, -52, 95, 57, -57, -77, 14, -84]]
1
====================
[[-32, 25, 67, 98, 0, -30, 12, -87], [56, -30, 48, 13, -4, -97, 68, -16]]
33
====================
[[85, -21, 23, -68, 70], [-8, -73, -30, 15, -17], [-11, -55, -2, 38, 29], [-54, 77, -89, -94, -30], [85, -5, -19, -67, -3]]
1
====================
[[-51, -4, 20, -82, -78, -15, 1, -77, -23, -2, -10, -81, -89, -95], [-88, 95, 1, 31, -86, 37, -42, -85, 89, 94, -63, -36, -72, -94], [79, -43, 28, -1, 1, 98, -58, 98, 77, -39, 27, -17, 71, -87], [12, -50, -76, 17, 15, 85, -70, -48, 34, 35, -37, -3, -26, -86], [-30, -41, 66, -51, 28, -68, -78, -93, 54, -56, 65, 98, 74, -12], [73, 34, -87, -95, -74, 100, 99, 11, -1, -23, 97, -10, -62, -56], [69, -37, -72, 21, -9, -5, -3, 67, 51, -77, -52, 11, 49, -27], [31, -93, 39, 54, -54, -83, 74, 31, -14, 15, -48, -54, -37, 20], [-62, 48, 51, 8, 29, 90, 38, -4, -8, 13, 56, -62, -95, 52], [-29, -6, -32, 44, -29, 35, 66, 85, -37, -44, -76, -66, 69, 38], [89, 4, -22, -4, -37, 18, -10, 5, -50, -27, 55, -74, -60, 53], [60, -18, 17, 1, 18, 23, -78, 52, -39, 52, -77, -88, -5, -94], [2, 97, 34, 67, 48, -92, 40, -72, 6, -8, 12, -49, -57, 95]]
56
====================
[[-68, -78, -47, 70]]
194
====================
[[51, -62, 4, 25, -77, -80, -38, -24, -30, -96], [-84, -8, 82, -80, 81, -25, -60, -83, -95, -87], [90, 35, 0, -71, -6, 11, -72, 60, 26, -98], [-87, -96, -49, -23, -37, -90, 48, -5, 15, 20], [-31, -45, 71, -78, 10, 60, -37, 69, -90, 80], [-8, 47, -99, 33, 17, -63, 62, 39, -73, -2], [-66, -43, -47, 61, -26, 10, -36, 27, -2, 70], [-51, -23, 32, -25, 40, -87, 27, 15, -22, -93], [81, -42, -10, 30, -5, -39, 11, 65, -77, 12], [-77, -67, 3, -49, -59, 51, 15, -95, 86, 3], [-58, 74, -97, -80, 90, 1, -81, 95, 25, -83], [-27, 46, -51, 96, -86, 25, 15, -71, 47, -91], [26, -61, 3, 78, -57, 23, -42, 55, -37, 82], [61, -37, -82, 92, -46, -70, -87, -1, 41, 15], [-30, 87, 19, 11, 99, -10, -89, -71, -10, -51], [97, -89, 50, 2, 74, 84, -83, 93, 75, -85], [30, 54, 68, 83, 84, -64, -2, -43, -7, -97], [88, 98, 26, -35, 54, 47, 7, -8, 94, -98], [4, -57, 24, 84, -83, 83, 36, 51, -47, 88]]
12
====================
[[68, -11, -23, 53, 72, 36, 73, 21, -4, -83, -13, 80, -65, -35, 55, -60, 36], [-80, 37, -78, -86, 99, -30, 91, 96, -56, 17, 67, 56, -35, -39, -67, -86, 57], [-76, -77, -78, 96, -24, 77, -42, -25, -98, -99, 86, 41, 12, -4, 65, -88, 89], [-93, -17, -49, 34, -74, -74, 2, -89, 20, 23, -5, -29, 17, 29, -20, 86, 7], [12, -3, -28, -33, 28, 11, 49, 37, -54, -2, -84, -15, -17, -92, -4, -95, 44], [-18, 70, -87, 14, -12, -43, 49, 72, -30, 36, -84, 0, -79, 6, -82, -21, 47], [-57, 65, 52, -68, 7, -89, 0, -66, -52, 64, -21, 26, -98, -37, 92, -80, 15], [-35, 79, 37, 7, 56, 29, 97, 86, 96, 44, 100, -64, -65, -38, 53, 37, 24], [58, 49, 100, 31, -51, 37, -11, -8, -81, -58, 91, 56, -56, 21, -21, 70, -40], [-68, 41, 41, 49, -78, -39, -18, 41, -28, -18, 2, -69, -44, -69, -8, -83, 51], [68, 61, 15, 6, 66, -27, -97, -71, 72, 33, 79, 90, -4, 39, 90, 36, 22]]
1
====================
[[60, 57, 87, -13, -39, 13, -12, -23, 37, 6, -9, 57, 95, -24, -27, 83, 94, 68, 41], [-7, 8, -100, -33, 31, 0, -3, -79, 15, 1, 73, 12, -26, -27, -50, 25, -41, -57, 12], [-91, 13, -22, -57, 51, -51, 81, -8, -47, -85, -68, 69, -61, -16, -1, -35, -11, -13, -45], [39, 60, -90, -22, -61, -57, 62, 23, 82, 31, 9, 2, 66, 98, -91, -64, 95, -52, 48], [55, -2, -67, 94, 13, 8, 48, 80, 87, -68, 27, -79, 51, -40, -40, 77, -90, -1, 57], [21, -18, 41, -79, 53, 52, 94, 7, -96, -80, 4, -90, 32, -64, -91, 85, -81, -88, 44], [-4, -5, -62, -51, -52, -6, 43, -57, -68, 77, 33, -43, 11, 41, -53, -97, 76, -53, 20], [-87, -90, -20, 20, -7, 58, 17, 5, -17, -12, -92, -74, -54, 26, -78, 79, -26, -45, -62], [-51, 68, 64, 12, 60, 99, -69, -42, -66, 92, -52, -37, -81, 47, -63, 53, 26, 76, -78], [9, -24, 31, -29, -39, 6, -25, -15, 69, 35, 96, -21, 13, 11, 99, -36, -46, 24, 6], [37, -30, -40, 66, -2, -43, 47, 57, 36, -29, -7, 31, 24, -8, -25, 99, -61, -32, -18], [-44, 36, 61, 59, 0, 19, 95, 69, -92, 64, -57, 41, 40, 67, 56, -27, -4, -73, 23], [33, 12, -51, -83, -75, -59, 89, 58, 8, 55, 27, 65, -95, -51, 55, 86, -89, 92, -86]]
1
====================
[[39, 79, -74, 62, -12, 70, -73, -18, 57, -16], [93, 14, 66, 27, 54, 36, -73, 44, -28, -95], [-96, -59, 91, 26, -43, -17, -26, 8, 16, 90]]
1
====================
[[-58, 12, -9, 15, -23, 41, 41], [-76, 73, 70, 77, 86, -29, 71], [-47, -25, 2, 59, 48, 4, -75], [-15, 91, 71, 6, -37, -64, 17], [-54, -25, -32, 88, 65, 68, 58], [48, 95, -89, 43, 72, 18, -7], [-38, 51, -52, 42, 54, -7, 32], [-74, -48, -32, 8, -37, 61, 66], [-31, -84, 94, -95, -69, -86, 100], [-15, -96, -47, 97, -44, -47, 0], [-47, -37, 30, 94, 48, -99, -82], [-81, 19, 29, -2, -98, -13, -36]]
59
====================
[[26, 42, -66, -92, 26], [6, -21, -8, 19, -13], [85, 8, 51, 98, -16]]
1
====================
[[-82, -62, -61], [-30, -41, 88]]
154
====================
[[-42, 82, -98, -100, 72, 28, 65, -33], [-45, 54, 71, 84, -98, -20, 34, 17], [16, -82, 42, 67, -25, 9, -25, -85], [-67, 31, 31, 87, -15, -41, 16, 77], [-61, 64, 93, -55, -38, -83, -4, -88], [-29, -20, -70, 67, -64, 29, -5, 40], [63, -30, 36, -20, 9, -27, 22, 44], [14, -33, 86, 14, -31, 9, -82, -99], [-75, 20, 77, -64, -52, -3, -64, 59]]
43
====================
[[-5, -62], [43, 50], [-10, -56], [17, -24], [-2, -7], [25, 48], [83, -43], [37, 79], [53, -2], [-3, -44], [48, 14]]
6
====================
[[-40], [-16], [-61], [-66], [33], [-67], [-25], [-6], [-98], [92], [72], [-74], [-94]]
351
====================
[[-58, -36, -4, 93, -58, -51, 22, -96, -13, 96, -71, 40], [68, -50, -32, 62, 17, 11, 9, 21, 93, -17, 33, -67], [62, -71, -86, 52, -75, -85, 40, -40, 65, -89, 13, -42], [-37, -85, 56, -23, 87, 30, 14, -40, -45, 53, -43, -83], [-95, -72, 99, 13, -88, 30, 77, -39, 89, 59, 65, 87], [84, 81, -91, 63, -20, -43, -1, 51, -65, -5, 99, 54], [47, -93, 77, 22, 31, 59, 91, -98, 4, -49, 3, 22], [43, 50, 10, 5, 9, 57, -37, 81, 60, -68, 35, 0]]
59
====================
[[4, -90, -65, 50, -15, -100, -5, 0, -17, 66, -10, 27], [12, -10, 15, -19, 48, 55, -39, 93, 94, -66, -21, -39], [-98, 81, -79, 53, 97, -67, -25, -76, 16, -29, 45, 12], [71, -5, -21, -57, -95, -22, 96, -48, -90, -41, 79, 63], [84, 9, -94, 78, 86, -36, -81, -26, 51, 11, -58, 84], [-49, 89, -71, 4, 79, 39, 32, 45, -12, -19, 54, -60], [-2, -15, -75, -24, 4, -10, 74, -100, 45, -6, 74, 4], [66, -2, -33, 52, -15, -73, 65, -19, 0, 81, 86, -30], [-81, 34, 13, -91, 59, 12, 20, 19, 1, -33, 33, -72], [89, 23, 30, 28, -71, -70, 59, -41, -90, -7, -15, -6], [51, 25, -16, -11, 9, 47, 20, -13, -41, 12, -52, -72], [49, -75, -58, 100, 8, 30, -40, 20, 87, -23, 88, -7], [45, -52, -34, -3, -34, -17, -77, -16, 43, 80, 69, 92]]
1
====================
[[100, 59, 25, -1, 51, 74, -64, -48, 20, 69, 4, -78, -16, -23, -94], [-90, -81, -15, -82, 55, 97, 59, -2, -58, -38, 23, 35, -44, -76, -71], [13, -6, 51, -29, -78, 67, -18, 46, 98, -31, 67, -52, -69, 73, -56], [36, 2, -81, -3, -88, 56, -5, -27, -74, -33, 83, -78, -83, 5, 18], [-83, -88, 64, -100, 12, -89, -88, -22, 68, 51, -28, 12, 60, -18, -37], [67, -88, 89, 36, -51, 99, 38, 78, 37, -6, -11, -21, 34, -53, -81], [-7, 66, -60, 90, 87, 98, 74, 75, 37, 48, 74, -74, -69, -48, 66], [-99, 34, 91, 69, -89, 25, -82, 53, -78, 16, -75, -63, -91, 42, -98], [16, 51, -41, 22, 83, 16, 56, 45, 28, -40, 61, -30, 40, 88, 9], [-63, 81, -57, -80, 29, -27, 44, 88, 59, -81, 0, 94, -47, 85, 48], [15, -65, 29, -21, -34, 58, 27, 98, -21, 44, -51, 39, -51, -28, -16]]
1
====================
[[-74, 90, 90, 77, 22, 83, 66, -65, 15, 1, 10, 41, 28, 16], [86, -20, -64, 83, -63, -76, -50, 78, -25, 22, 33, 2, -91, 98], [77, -8, 90, -21, -46, 86, 1, 21, -65, 70, -86, 25, 79, 81], [-11, 47, -87, 46, -37, 77, 90, -92, -71, -92, 53, 65, -7, 96], [17, -36, -12, 37, 43, -27, -53, -2, -47, 78, -38, -80, -69, -6], [-96, 31, 75, -41, 48, 28, 8, 13, 74, -24, 100, -46, -16, 36], [80, 81, 0, -13, -74, -28, -26, 85, -85, 29, 1, 89, -67, 45], [-2, -34, 83, 98, 7, 60, 55, -97, 19, -59, 49, 67, 32, -56], [48, -65, 44, 39, 93, 68, 43, -62, -99, 48, 75, 15, -3, -13], [-32, 23, -60, 34, -2, 83, -4, 41, 83, -100, -11, 46, -43, 80], [70, 33, 25, 16, -96, 93, -59, -4, -16, -34, 54, 87, -53, 93], [-11, -32, -32, 67, -21, 53, -57, -48, 47, 69, -89, 97, -33, 22], [18, 65, -91, -47, 6, 71, 20, -69, -98, 85, -97, -28, -68, 95], [-64, -94, 81, 26, -24, 7, 67, 90, -92, -78, 74, -98, 73, -93], [-4, 44, -79, 4, -86, -47, -27, -55, -19, 85, -62, 26, 25, -66], [93, 46, -76, -87, 62, -34, 43, 57, -67, 19, -38, -94, -25, 17], [27, -38, 63, -68, -91, -85, -62, -21, 67, -41, 52, -30, 42, -70], [83, 1, 84, -79, 50, 21, 79, 37, 37, 94, -17, 7, -34, -63]]
75
====================
[[-49, 98, 76], [-70, 0, -99]]
50
====================
[[-84, 66, 16, 97, -15, -34, -29, 90, -15, 35, -32, 100, -67, -58], [50, 4, 13, 92, -15, -77, 16, -40, 57, -63, -36, 22, -79, -4], [-66, 79, 26, -8, 40, -5, 72, 31, 14, -87, 27, 23, 13, 10], [63, 65, -60, 37, 92, -74, 47, 16, 0, 18, -4, 21, -68, -73], [23, -82, 91, 1, 19, 80, 25, -55, -51, 72, -31, 10, -75, 57], [63, -44, 31, -68, 60, 76, 9, 18, 56, 93, -81, -31, -16, 94], [-19, 11, 17, -84, 91, 94, -83, 67, -48, -39, -86, -47, 56, -34], [42, -70, 18, -97, -55, 39, -27, 67, 95, -65, -6, 21, 75, 33], [42, 86, 9, 78, -18, -92, 56, 67, 13, 84, -98, -63, 41, 35], [-81, -27, -17, 53, 11, -47, -76, -71, 36, -43, -94, -32, 42, 98], [-4, 52, 85, -39, -71, 77, 91, -90, 19, 20, 94, 27, 35, -98], [70, 44, 99, -5, -32, 37, -65, -49, -38, -7, -3, 99, -73, -56]]
85
====================
[[-5, 90, 59, -24, 40, 47, -40, 25, 84, -15, -15, 42, 34, 41, -52, -90], [25, 1, -47, -32, 27, 74, -93, 46, -36, -12, 12, -83, 94, -36, -82, -34], [-64, -82, -82, -94, -39, 2, -76, -56, -7, 32, -70, 78, -6, 11, -4, 98], [-68, 49, -4, 36, -69, 60, -20, -19, 79, -96, -51, 100, -32, -43, -44, 84], [-87, -69, -98, -79, 55, -98, 62, 73, 81, -12, 74, 19, -46, 84, 32, 94]]
6
====================
[[91, 64, 65, -15, 90, 82], [-12, 74, -39, -20, -97, -2], [-31, -69, 18, -4, -88, 35], [-22, 4, 26, -46, 20, -7], [11, 97, 35, 83, 20, 36], [-20, 40, -93, -22, -61, -34], [-51, 79, 0, 83, 51, -52], [29, 47, -78, 13, 77, -28], [-4, -34, -15, 39, 15, -93], [59, -45, -39, -79, 71, 44], [77, -39, 60, 83, -20, -98], [38, -89, 70, 54, 76, 72], [45, 38, -10, -64, 5, -72], [-74, -14, -89, -55, -2, -77], [-23, -50, -38, -99, -11, -37], [80, 9, 5, 96, -81, -27]]
1
====================
[[-44, 17, -70, 38, 42, -21, 35, 7, 44, 94, -66, -99, 20, 51], [42, -65, -31, -6, 20, -65, 77, 86, -76, 11, -1, -3, -69, -59]]
98
====================
[[68, -80, 18, 4, -39, 93, -4, 88], [11, -68, 82, -6, -27, 69, -80, 76], [35, 30, -5, 90, 90, -75, -92, 96], [47, -73, -50, -26, 80, -79, -69, 87], [-53, 88, 86, -68, 98, -77, 16, 76], [-49, 78, 85, 17, -30, 85, -96, 13], [-7, -35, -93, 22, -12, -27, -82, -6], [14, -29, 15, -47, -98, 79, -88, 10], [57, 87, 66, 79, 91, -100, 29, -43], [48, -100, 6, -76, -41, -10, 2, 17], [13, 57, -76, -12, 43, -73, 99, -22], [-61, -75, -18, 78, -79, 8, -54, 77], [50, -78, 85, 40, 88, -10, -46, 35], [28, 76, 64, -41, -39, 77, 83, 54], [45, -44, 62, -70, 8, 73, -97, 6], [94, 33, -99, 63, 19, -12, -75, -72], [7, -33, -34, -48, -78, -76, 30, 44], [28, -98, 2, -41, -17, 32, -32, 93]]
1
====================
[[-57, 75, -46, -53, -4, 39, 99, 86, 91, -68, -85, 25, 33, -70, -43], [2, 2, -2, -31, -24, 67, -24, -41, -72, -63, -56, 47, -15, 15, 57], [38, -75, -57, -17, 39, -100, 96, 32, -56, 94, 40, -43, 62, 22, -41], [-57, 60, -98, -65, -82, 19, -37, -46, -82, 18, -87, 43, 20, -12, 78], [79, -67, 18, -3, -45, 78, 56, 68, 46, -20, 17, -30, -62, 52, 77], [56, -71, 28, 63, 43, 10, -29, -11, 72, -37, -67, -97, -65, 17, -92], [30, 13, 49, -13, 47, -23, 17, -14, -38, 20, 50, 22, -79, 32, 34], [52, -99, 38, 40, -24, 48, 37, 53, -51, -33, -95, -42, -76, -72, -14], [26, 25, 42, 87, 32, -85, 14, 84, -44, 48, 51, -62, -54, -12, 93], [-62, -14, 0, -44, 23, 74, -51, 11, 74, -41, 4, -100, -86, 63, 1], [-33, -56, -49, -73, -16, -69, -50, -31, -74, -3, 68, -2, 15, 21, -72], [75, 57, 81, -54, -27, -51, 69, 29, 74, 92, -98, -64, 32, 24, -22], [55, -63, 16, -48, -44, 89, 5, 45, -80, 4, -72, 77, -18, -49, 20], [68, -66, -69, -85, -98, 18, 99, 21, -28, 99, 6, -10, 51, 54, -32]]
58
====================
[[99, -54, 48, -12, 67, 31, 79, 45, 75, -24, -1, -20, -33, 8, 90, 70, -11, -28, -42], [69, 44, 43, -19, -22, -66, -67, -55, 51, 84, 85, 78, 8, 54, -71, -60, -53, 38, 13], [13, 31, 65, 44, -21, 53, -82, -32, -74, 82, 50, 78, 2, -61, -6, -68, 46, -85, -31], [38, 9, 61, 26, 17, -54, 10, 75, 62, 8, 50, -88, 38, 24, -72, 44, -89, -58, 68], [-39, -76, 84, 92, 28, 14, -77, -36, -39, 25, -52, -76, -29, -66, 85, 74, -71, 13, -10], [73, -22, 97, 55, -98, -23, 18, 72, -79, -92, 91, 91, 43, 64, -38, -32, 44, -10, 75], [28, -7, 25, -8, 46, -80, 51, 9, -14, -23, 71, 86, -91, -22, -34, -24, -80, 69, 65], [-3, -37, 50, -33, -67, 17, -94, 59, -92, -81, -8, 40, 80, 31, -72, -66, 67, 28, 64], [-92, 51, 53, -73, -6, -2, -24, 5, 63, 9, -38, 63, 100, 88, 72, 6, -61, 53, -39], [48, -28, 2, 28, -59, 74, 73, 86, -78, -12, 68, -65, -4, 4, -93, 19, 14, -32, -85], [-2, 36, -94, -61, -4, -39, 30, -54, 78, 40, 17, 36, 89, 11, -74, 27, -44, -6, 30], [-94, 14, 94, -31, -13, 81, 0, -9, 44, -9, -70, -64, 2, 38, -15, 48, 71, -3, -97], [-72, 97, 65, 11, -39, 92, -4, -42, -65, -98, 14, -83, 15, -64, 0, -87, -32, 81, -32], [17, 9, -41, -70, -66, 41, 57, 63, -1, -57, -4, -41, 3, 22, 80, 48, 78, 17, -31], [41, 67, -18, 19, -68, 55, -4, -13, -35, 15, 63, 20, -76, -42, 7, 24, -10, -80, 37]]
1
====================
[[80, -50, -63, 35, 45, -52, -70, -8, 3, 50], [16, 6, -27, -63, -29, -20, -2, 66, -38, 9], [67, -23, 41, -36, -56, 71, -40, 26, -23, 65], [36, -10, 87, 61, 100, 34, 63, -28, -68, 38], [-98, 21, -99, 17, -34, 31, 12, -86, 35, 18], [-39, 24, -44, 52, -41, -18, -12, 83, -11, 100], [-44, 19, -97, -18, -55, -76, 16, -73, -36, 44], [8, -35, 84, 17, -1, 82, 64, 91, 42, 76]]
1
====================
[[-75, -27, 85, -48, -13, -83, -38, -4, 80, 61, -13], [-69, 16, 56, -25, -15, -96, 22, -10, 14, -94, -44], [44, -63, 26, -60, -54, 98, -97, 92, -74, -22, 48], [-53, 34, -48, -63, -30, -43, 11, -83, -55, 41, 38], [28, 83, -50, -62, 34, -40, -4, -82, -82, -4, -71], [-19, 25, -71, 55, 18, 57, -14, -90, 52, -65, 37], [-9, 0, 41, 49, -8, -34, 11, -24, -31, 28, -29], [-57, 18, -66, 57, 62, -26, -4, -42, -77, -44, 50], [-84, -29, -67, -40, 8, -43, -55, -94, 73, -11, 29]]
103
====================
[[-97, 42, 34, 21, -24, 73, -60, -53, 77, 64], [40, -74, -67, 21, -64, 39, 57, 49, 100, 42], [-50, 47, 6, 19, 71, 43, 46, 70, 92, -10], [-91, 18, 25, 69, -91, -63, 83, 33, 84, -91], [60, -19, 69, 70, 100, 14, -3, 17, -4, 79], [-23, -1, -97, 68, -32, 63, 25, -10, 8, -44], [-93, -83, -23, -55, 44, -68, 29, -60, -22, 7], [-100, -82, -47, -34, 69, -33, 63, 54, -94, -31], [-72, -80, 45, 32, -62, -41, -35, -98, 40, -42], [-87, -19, -93, 75, 4, -82, -13, 34, 78, 84], [3, -71, 95, 91, 82, 2, -29, 6, -3, -87], [-76, 73, -46, -27, 58, -15, 63, -14, -90, 49], [49, 24, 31, -75, 40, 90, 74, -29, 94, -58], [3, -95, -26, -71, -62, -67, 70, -100, -88, -85], [93, 87, 24, -4, -51, -20, -7, -85, -30, -61]]
98